%YAML:1.0
---
width: 1133
height: 850
K: !!opencv-matrix
   rows: 3
   cols: 3
   dt: d
   data: [ 8.7260722109234757e+02, 0., 5.7273112138411341e+02, 0.,
       8.7454697913448820e+02, 4.2473191385190887e+02, 0., 0., 1. ]
D: !!opencv-matrix
   rows: 8
   cols: 1
   dt: d
   data: [ 1.1170766946284143e-01, -2.6514221101825142e-01,
       -8.5006247618106274e-04, 2.6544777421136996e-03,
       -1.8733218007697364e-01, 0., 0., 0. ]
